Length;Type;Sort type;Time;Comparisons;Swapped elements
200;1;Merge;206;1544;0
200;1;Heap;49;2548;1285
200;1;Insertion;193;10018;9825
200;1;Shell;36;1855;1186
200;1;Quick;26;1190;421
200;2;Merge;217;1544;0
200;2;Heap;62;2569;1316
200;2;Insertion;229;9892;9695
200;2;Shell;36;1902;1227
200;2;Quick;33;1321;420
200;3;Merge;194;1544;0
200;3;Heap;42;2275;1006
200;3;Insertion;390;19898;19883
200;3;Shell;26;1599;1050
200;3;Quick;141;18963;206
200;4;Merge;250;1544;0
200;4;Heap;63;2278;1008
200;4;Insertion;531;19898;19885
200;4;Shell;26;1598;1049
200;4;Quick;95;19258;206
200;5;Merge;243;1544;0
200;5;Heap;65;3279;2270
200;5;Insertion;2;199;0
200;5;Shell;8;742;0
200;5;Quick;101;19708;199
200;6;Merge;243;1544;0
200;6;Heap;63;3276;2262
200;6;Insertion;2;199;0
200;6;Shell;7;742;0
200;6;Quick;97;19646;199
200;7;Merge;196;1544;0
200;7;Heap;43;2327;1029
200;7;Insertion;256;12956;12844
200;7;Shell;22;1324;690
200;7;Quick;32;3715;402
200;8;Merge;196;1544;0
200;8;Heap;42;2319;1029
200;8;Insertion;252;13212;13105
200;8;Shell;22;1339;708
200;8;Quick;30;2973;426
200;9;Merge;221;1544;0
200;9;Heap;54;2834;1660
200;9;Insertion;133;7078;6879
200;9;Shell;16;1123;381
200;9;Quick;30;3333;338
200;10;Merge;234;1544;0
200;10;Heap;54;2851;1685
200;10;Insertion;125;6661;6462
200;10;Shell;16;1097;355
200;10;Quick;30;3575;331
400;1;Merge;502;3488;0
400;1;Heap;120;5934;2993
400;1;Insertion;820;40336;39943
400;1;Shell;92;4683;3026
400;1;Quick;57;2577;963
400;2;Merge;404;3488;0
400;2;Heap;111;5839;2906
400;2;Insertion;784;41217;40824
400;2;Shell;112;4623;2964
400;2;Quick;71;2824;959
400;3;Merge;513;3488;0
400;3;Heap;97;5356;2426
400;3;Insertion;2373;79788;79754
400;3;Shell;62;2996;1492
400;3;Quick;509;74989;422
400;4;Merge;402;3488;0
400;4;Heap;101;5353;2428
400;4;Insertion;1541;79799;79766
400;4;Shell;62;3000;1497
400;4;Quick;545;76827;416
400;5;Merge;420;3488;0
400;5;Heap;147;7735;5313
400;5;Insertion;4;399;0
400;5;Shell;17;1821;0
400;5;Quick;379;79753;400
400;6;Merge;384;3488;0
400;6;Heap;146;7733;5303
400;6;Insertion;3;399;0
400;6;Shell;24;1821;0
400;6;Quick;374;78860;399
400;7;Merge;516;3488;0
400;7;Heap;158;5417;2436
400;7;Insertion;1379;52533;52316
400;7;Shell;72;2889;1294
400;7;Quick;114;12409;871
400;8;Merge;445;3488;0
400;8;Heap;121;5428;2434
400;8;Insertion;1029;53687;53462
400;8;Shell;45;2913;1319
400;8;Quick;89;13049;838
400;9;Merge;449;3488;0
400;9;Heap;131;6617;3889
400;9;Insertion;550;28830;28431
400;9;Shell;39;2660;839
400;9;Quick;108;11074;756
400;10;Merge;366;3488;0
400;10;Heap;124;6631;3893
400;10;Insertion;539;28237;27838
400;10;Shell;62;2633;812
400;10;Quick;101;11034;743
600;1;Merge;643;5576;0
600;1;Heap;234;9507;4755
600;1;Insertion;2273;90131;89535
600;1;Shell;189;7475;4867
600;1;Quick;112;4899;1475
600;2;Merge;636;5576;0
600;2;Heap;227;9552;4794
600;2;Insertion;1707;88603;88012
600;2;Shell;155;7963;5342
600;2;Quick;123;4644;1492
600;3;Merge;792;5576;0
600;3;Heap;212;8713;3974
600;3;Insertion;3663;179696;179638
600;3;Shell;83;5203;2967
600;3;Quick;1026;168962;632
600;4;Merge;745;5576;0
600;4;Heap;157;8710;3959
600;4;Insertion;3489;179694;179633
600;4;Shell;123;5201;2965
600;4;Quick;1206;166286;633
600;5;Merge;732;5576;0
600;5;Heap;311;12651;8673
600;5;Insertion;7;599;0
600;5;Shell;33;2821;0
600;5;Quick;865;178392;601
600;6;Merge;589;5576;0
600;6;Heap;245;12642;8670
600;6;Insertion;5;599;0
600;6;Shell;26;2821;0
600;6;Quick;1019;178459;599
600;7;Merge;557;5576;0
600;7;Heap;171;8823;3984
600;7;Insertion;2339;120043;119716
600;7;Shell;77;4751;2273
600;7;Quick;229;27613;1337
600;8;Merge;619;5576;0
600;8;Heap;175;8845;3989
600;8;Insertion;2479;122382;122055
600;8;Shell;98;4767;2284
600;8;Quick;250;31229;1299
600;9;Merge;656;5576;0
600;9;Heap;225;10906;6436
600;9;Insertion;1288;58458;57859
600;9;Shell;109;4089;1268
600;9;Quick;211;26131;1119
600;10;Merge;598;5576;0
600;10;Heap;220;10893;6445
600;10;Insertion;1540;59729;59130
600;10;Shell;73;4097;1276
600;10;Quick;213;26970;1114
800;1;Merge;874;7776;0
800;1;Heap;254;13397;6734
800;1;Insertion;3015;154603;153812
800;1;Shell;257;10660;7075
800;1;Quick;153;6145;2100
800;2;Merge;1025;7776;0
800;2;Heap;256;13377;6705
800;2;Insertion;3475;158876;158083
800;2;Shell;248;10347;6752
800;2;Quick;125;6773;2060
800;3;Merge;832;7776;0
800;3;Heap;216;12280;5621
800;3;Insertion;6387;319591;319511
800;3;Shell;177;7276;4195
800;3;Quick;2273;299792;840
800;4;Merge;855;7776;0
800;4;Heap;293;12285;5630
800;4;Insertion;6341;319596;319537
800;4;Shell;149;7301;4221
800;4;Quick;1488;307613;829
800;5;Merge;828;7776;0
800;5;Heap;455;17885;12238
800;5;Insertion;7;799;0
800;5;Shell;56;3821;0
800;5;Quick;1539;316411;799
800;6;Merge;810;7776;0
800;6;Heap;400;17894;12249
800;6;Insertion;9;799;0
800;6;Shell;55;3821;0
800;6;Quick;2027;318439;799
800;7;Merge;766;7776;0
800;7;Heap;279;12446;5653
800;7;Insertion;4343;215599;215151
800;7;Shell;112;6762;3349
800;7;Quick;342;46696;1844
800;8;Merge;825;7776;0
800;8;Heap;298;12454;5722
800;8;Insertion;4020;204935;204509
800;8;Shell;110;6687;3259
800;8;Quick;256;38089;1982
800;9;Merge;1051;7776;0
800;9;Heap;313;15248;8991
800;9;Insertion;2442;111456;110657
800;9;Shell;95;5856;2035
800;9;Quick;277;40140;1581
800;10;Merge;1058;7776;0
800;10;Heap;398;15261;8991
800;10;Insertion;2457;113097;112298
800;10;Shell;108;5888;2067
800;10;Quick;271;37646;1563
1000;1;Merge;1194;9976;0
1000;1;Heap;423;17224;8606
1000;1;Insertion;5108;247534;246542
1000;1;Shell;418;15550;10968
1000;1;Quick;200;8547;2652
1000;2;Merge;1196;9976;0
1000;2;Heap;455;17199;8594
1000;2;Insertion;5173;250731;249741
1000;2;Shell;361;14572;10021
1000;2;Quick;202;9247;2643
1000;3;Merge;1026;9976;0
1000;3;Heap;280;15976;7325
1000;3;Insertion;10965;499487;499393
1000;3;Shell;179;9845;5941
1000;3;Quick;2489;470267;1047
1000;4;Merge;1133;9976;0
1000;4;Heap;362;15970;7312
1000;4;Insertion;10379;499495;499397
1000;4;Shell;158;9835;5931
1000;4;Quick;2285;469980;1052
1000;5;Merge;1200;9976;0
1000;5;Heap;428;23139;15797
1000;5;Insertion;9;999;0
1000;5;Shell;81;4821;0
1000;5;Quick;2540;496338;999
1000;6;Merge;1216;9976;0
1000;6;Heap;440;23142;15805
1000;6;Insertion;9;999;0
1000;6;Shell;44;4821;0
1000;6;Quick;2238;497449;1000
1000;7;Merge;981;9976;0
1000;7;Heap;289;16095;7367
1000;7;Insertion;6535;327588;327050
1000;7;Shell;159;8965;4627
1000;7;Quick;396;59798;2431
1000;8;Merge;1286;9976;0
1000;8;Heap;417;16186;7372
1000;8;Insertion;7934;336373;335824
1000;8;Shell;203;8966;4637
1000;8;Quick;576;70310;2355
1000;9;Merge;1101;9976;0
1000;9;Heap;505;19887;11745
1000;9;Insertion;3622;162529;161530
1000;9;Shell;135;7428;2607
1000;9;Quick;410;74589;1915
1000;10;Merge;1169;9976;0
1000;10;Heap;369;19905;11767
1000;10;Insertion;3222;164960;163961
1000;10;Shell;242;7502;2681
1000;10;Quick;474;70166;1984
1200;1;Merge;1704;12352;0
1200;1;Heap;402;21319;10634
1200;1;Insertion;7351;359529;358341
1200;1;Shell;463;17627;11479
1200;1;Quick;207;13017;3155
1200;2;Merge;1559;12352;0
1200;2;Heap;398;21277;10574
1200;2;Insertion;7338;374924;373727
1200;2;Shell;358;16890;10745
1200;2;Quick;215;9961;3303
1200;3;Merge;1578;12352;0
1200;3;Heap;392;19817;9131
1200;3;Insertion;16172;719387;719275
1200;3;Shell;252;11291;5584
1200;3;Quick;3654;685510;1251
1200;4;Merge;1383;12352;0
1200;4;Heap;415;19814;9134
1200;4;Insertion;15648;719389;719274
1200;4;Shell;201;11294;5587
1200;4;Quick;3572;674319;1268
1200;5;Merge;1926;12352;0
1200;5;Heap;825;28881;19732
1200;5;Insertion;11;1199;0
1200;5;Shell;66;6657;0
1200;5;Quick;3340;716478;1199
1200;6;Merge;1399;12352;0
1200;6;Heap;736;28887;19721
1200;6;Insertion;13;1199;0
1200;6;Shell;75;6657;0
1200;6;Quick;3319;714988;1200
1200;7;Merge;1371;12352;0
1200;7;Heap;444;20047;9216
1200;7;Insertion;9527;463269;462627
1200;7;Shell;236;10448;4479
1200;7;Quick;539;73332;3030
1200;8;Merge;1338;12352;0
1200;8;Heap;366;20138;9214
1200;8;Insertion;10314;485193;484540
1200;8;Shell;262;10679;4716
1200;8;Quick;822;105806;2825
1200;9;Merge;1479;12352;0
1200;9;Heap;508;24622;14540
1200;9;Insertion;5072;249044;247845
1200;9;Shell;165;9621;2964
1200;9;Quick;578;86395;2464
1200;10;Merge;1288;12352;0
1200;10;Heap;452;24723;14655
1200;10;Insertion;5093;237941;236742
1200;10;Shell;165;9420;2763
1200;10;Quick;636;97083;2440
1400;1;Merge;1671;14752;0
1400;1;Heap;521;25627;12796
1400;1;Insertion;11609;494431;493040
1400;1;Shell;649;23001;15694
1400;1;Quick;264;11997;3919
1400;2;Merge;1783;14752;0
1400;2;Heap;645;25480;12689
1400;2;Insertion;11080;496053;494661
1400;2;Shell;705;20996;13701
1400;2;Quick;299;14434;3859
1400;3;Merge;1645;14752;0
1400;3;Heap;564;23762;11005
1400;3;Insertion;21740;979279;979138
1400;3;Shell;371;13084;6498
1400;3;Quick;4659;910632;1469
1400;4;Merge;1738;14752;0
1400;4;Heap;444;23777;11000
1400;4;Insertion;20211;979289;979158
1400;4;Shell;198;13077;6491
1400;4;Quick;4361;922899;1465
1400;5;Merge;1656;14752;0
1400;5;Heap;664;34755;23691
1400;5;Insertion;16;1399;0
1400;5;Shell;107;7857;0
1400;5;Quick;5007;970958;1399
1400;6;Merge;1576;14752;0
1400;6;Heap;661;34739;23681
1400;6;Insertion;18;1399;0
1400;6;Shell;84;7857;0
1400;6;Quick;4407;968069;1400
1400;7;Merge;1591;14752;0
1400;7;Heap;464;24067;11045
1400;7;Insertion;13675;657140;656376
1400;7;Shell;247;12604;5467
1400;7;Quick;852;131694;3439
1400;8;Merge;1669;14752;0
1400;8;Heap;670;23975;11030
1400;8;Insertion;13054;641509;640746
1400;8;Shell;281;12587;5446
1400;8;Quick;730;111009;3546
1400;9;Merge;1923;14752;0
1400;9;Heap;714;29360;17381
1400;9;Insertion;7728;342910;341511
1400;9;Shell;178;11390;3533
1400;9;Quick;701;111708;3065
1400;10;Merge;1824;14752;0
1400;10;Heap;1045;29373;17393
1400;10;Insertion;8149;350435;349036
1400;10;Shell;233;11399;3542
1400;10;Quick;733;105625;2919
1600;1;Merge;2462;17152;0
1600;1;Heap;824;29820;14879
1600;1;Insertion;13572;629400;627809
1600;1;Shell;576;25097;16611
1600;1;Quick;366;14837;4519
1600;2;Merge;2098;17152;0
1600;2;Heap;647;29769;14817
1600;2;Insertion;13819;649370;647780
1600;2;Shell;556;25005;16546
1600;2;Quick;380;15337;4533
1600;3;Merge;1910;17152;0
1600;3;Heap;529;27744;12868
1600;3;Insertion;27896;1279185;1279056
1600;3;Shell;255;14617;6870
1600;3;Quick;6355;1226770;1664
1600;4;Merge;1976;17152;0
1600;4;Heap;618;27765;12878
1600;4;Insertion;28870;1279189;1279047
1600;4;Shell;255;14605;6858
1600;4;Quick;6327;1211902;1675
1600;5;Merge;2059;17152;0
1600;5;Heap;959;40587;27665
1600;5;Insertion;16;1599;0
1600;5;Shell;93;9057;0
1600;5;Quick;5972;1268565;1599
1600;6;Merge;1964;17152;0
1600;6;Heap;942;40599;27693
1600;6;Insertion;19;1599;0
1600;6;Shell;119;9057;0
1600;6;Quick;6287;1268632;1600
1600;7;Merge;1789;17152;0
1600;7;Heap;521;27996;12908
1600;7;Insertion;16806;834635;833763
1600;7;Shell;265;14350;6093
1600;7;Quick;837;138380;4142
1600;8;Merge;2216;17152;0
1600;8;Heap;686;28086;12907
1600;8;Insertion;18013;865956;865091
1600;8;Shell;307;14237;6004
1600;8;Quick;1116;177747;3848
1600;9;Merge;1984;17152;0
1600;9;Heap;841;34473;20412
1600;9;Insertion;9186;418602;417003
1600;9;Shell;219;12739;3682
1600;9;Quick;1050;172113;3316
1600;10;Merge;1942;17152;0
1600;10;Heap;693;34431;20337
1600;10;Insertion;10008;454563;452964
1600;10;Shell;206;13189;4132
1600;10;Quick;823;130957;3479
1800;1;Merge;2694;19552;0
1800;1;Heap;717;34072;16997
1800;1;Insertion;18120;812990;811201
1800;1;Shell;685;30217;20566
1800;1;Quick;446;17416;5080
1800;2;Merge;2411;19552;0
1800;2;Heap;722;34030;16947
1800;2;Insertion;18199;820981;819195
1800;2;Shell;752;30632;21016
1800;2;Quick;366;17553;5112
1800;3;Merge;2299;19552;0
1800;3;Heap;619;31906;14813
1800;3;Insertion;32636;1619082;1618922
1800;3;Shell;271;17878;9356
1800;3;Quick;7146;1538435;1885
1800;4;Merge;2405;19552;0
1800;4;Heap;634;31920;14823
1800;4;Insertion;36624;1619085;1618924
1800;4;Shell;323;17874;9352
1800;4;Quick;7975;1545647;1875
1800;5;Merge;2511;19552;0
1800;5;Heap;1127;46548;31703
1800;5;Insertion;18;1799;0
1800;5;Shell;103;10257;0
1800;5;Quick;8161;1606480;1799
1800;6;Merge;2236;19552;0
1800;6;Heap;1087;46518;31704
1800;6;Insertion;18;1799;0
1800;6;Shell;105;10257;0
1800;6;Quick;8002;1608480;1800
1800;7;Merge;2366;19552;0
1800;7;Heap;819;32006;14748
1800;7;Insertion;23976;1064028;1063043
1800;7;Shell;298;16712;7446
1800;7;Quick;1343;187383;4548
1800;8;Merge;2424;19552;0
1800;8;Heap;729;32046;14772
1800;8;Insertion;23857;1066769;1065796
1800;8;Shell;298;16760;7490
1800;8;Quick;1144;184035;4555
1800;9;Merge;2521;19552;0
1800;9;Heap;787;39585;23399
1800;9;Insertion;13486;563575;561776
1800;9;Shell;238;14986;4729
1800;9;Quick;1116;178006;3935
1800;10;Merge;2353;19552;0
1800;10;Heap;923;39565;23378
1800;10;Insertion;12526;567204;565405
1800;10;Shell;237;15029;4772
1800;10;Quick;1082;177602;3858
2000;1;Merge;2979;21952;0
2000;1;Heap;810;38496;19214
2000;1;Insertion;22207;988537;986545
2000;1;Shell;759;32717;21922
2000;1;Quick;411;20958;5749
2000;2;Merge;2673;21952;0
2000;2;Heap;822;38425;19136
2000;2;Insertion;22623;1022086;1020093
2000;2;Shell;810;32428;21630
2000;2;Quick;404;20388;5818
2000;3;Merge;2545;21952;0
2000;3;Heap;705;35990;16738
2000;3;Insertion;42601;1998983;1998792
2000;3;Shell;348;18829;9095
2000;3;Quick;8541;1875468;2102
2000;4;Merge;2377;21952;0
2000;4;Heap;805;35971;16712
2000;4;Insertion;43403;1998986;1998824
2000;4;Shell;362;18843;9109
2000;4;Quick;9581;1901096;2082
2000;5;Merge;2323;21952;0
2000;5;Heap;1091;52542;35759
2000;5;Insertion;17;1999;0
2000;5;Shell;126;11457;0
2000;5;Quick;8893;1981187;2000
2000;6;Merge;2497;21952;0
2000;6;Heap;947;52546;35755
2000;6;Insertion;18;1999;0
2000;6;Shell;104;11457;0
2000;6;Quick;9281;1979864;2000
2000;7;Merge;2356;21952;0
2000;7;Heap;818;36154;16718
2000;7;Insertion;27793;1301064;1299997
2000;7;Shell;327;18540;8173
2000;7;Quick;1322;212660;5252
2000;8;Merge;2597;21952;0
2000;8;Heap;720;36337;16733
2000;8;Insertion;30224;1348940;1347856
2000;8;Shell;326;18530;8175
2000;8;Quick;1826;271607;4995
2000;9;Merge;2648;21952;0
2000;9;Heap;884;44713;26454
2000;9;Insertion;14190;648965;646966
2000;9;Shell;320;16540;5083
2000;9;Quick;1597;277381;4151
2000;10;Merge;2722;21952;0
2000;10;Heap;1019;44722;26433
2000;10;Insertion;14408;654581;652582
2000;10;Shell;259;16641;5184
2000;10;Quick;1543;262559;4195
2200;1;Merge;3138;24504;0
2200;1;Heap;1150;42895;21408
2200;1;Insertion;27240;1225568;1223378
2200;1;Shell;893;38824;26880
2200;1;Quick;453;21177;6490
2200;2;Merge;2894;24504;0
2200;2;Heap;1027;42967;21456
2200;2;Insertion;27138;1195201;1193006
2200;2;Shell;966;38748;26779
2200;2;Quick;502;20453;6473
2200;3;Merge;2770;24504;0
2200;3;Heap;762;40217;18680
2200;3;Insertion;51198;2418879;2418686
2200;3;Shell;486;24499;13942
2200;3;Quick;11954;2278564;2309
2200;4;Merge;3190;24504;0
2200;4;Heap;883;40231;18687
2200;4;Insertion;54556;2418892;2418706
2200;4;Shell;449;24523;13966
2200;4;Quick;11826;2301122;2308
2200;5;Merge;3662;24504;0
2200;5;Heap;1587;58912;40096
2200;5;Insertion;21;2199;0
2200;5;Shell;126;12657;0
2200;5;Quick;11290;2397905;2202
2200;6;Merge;2662;24504;0
2200;6;Heap;1073;58888;40108
2200;6;Insertion;25;2199;0
2200;6;Shell;149;12657;0
2200;6;Quick;11383;2400552;2199
2200;7;Merge;2638;24504;0
2200;7;Heap;699;40582;18708
2200;7;Insertion;32945;1624331;1623123
2200;7;Shell;387;22139;10530
2200;7;Quick;1617;320610;5498
2200;8;Merge;2531;24504;0
2200;8;Heap;706;40468;18717
2200;8;Insertion;33145;1592235;1591034
2200;8;Shell;333;22002;10380
2200;8;Quick;1520;280066;5549
2200;9;Merge;2578;24504;0
2200;9;Heap;914;50025;29640
2200;9;Insertion;16305;787785;785586
2200;9;Shell;308;18283;5626
2200;9;Quick;2042;331899;4605
2200;10;Merge;2878;24504;0
2200;10;Heap;1168;49731;29420
2200;10;Insertion;17999;846300;844101
2200;10;Shell;300;18970;6313
2200;10;Quick;1650;250900;4771
2400;1;Merge;4337;27104;0
2400;1;Heap;981;47466;23654
2400;1;Insertion;32926;1453413;1451019
2400;1;Shell;995;40862;27749
2400;1;Quick;549;24895;7101
2400;2;Merge;3180;27104;0
2400;2;Heap;1141;47412;23607
2400;2;Insertion;33339;1459086;1456693
2400;2;Shell;921;40502;27388
2400;2;Quick;623;26459;6926
2400;3;Merge;3186;27104;0
2400;3;Heap;852;44545;20699
2400;3;Insertion;66219;2878783;2878574
2400;3;Shell;521;26099;14435
2400;3;Quick;14391;2744843;2511
2400;4;Merge;3501;27104;0
2400;4;Heap;985;44536;20697
2400;4;Insertion;64515;2878776;2878552
2400;4;Shell;482;26095;14431
2400;4;Quick;13960;2718652;2514
2400;5;Merge;3285;27104;0
2400;5;Heap;1346;65455;44516
2400;5;Insertion;29;2399;0
2400;5;Shell;175;13857;0
2400;5;Quick;13617;2851662;2400
2400;6;Merge;3253;27104;0
2400;6;Heap;1403;65462;44504
2400;6;Insertion;27;2399;0
2400;6;Shell;138;13857;0
2400;6;Quick;13640;2857324;2401
2400;7;Merge;3445;27104;0
2400;7;Heap;900;44770;20713
2400;7;Insertion;42356;1887480;1886179
2400;7;Shell;395;23936;11303
2400;7;Quick;1701;307865;6289
2400;8;Merge;2890;27104;0
2400;8;Heap;882;44906;20743
2400;8;Insertion;43144;1928246;1926924
2400;8;Shell;538;24050;11424
2400;8;Quick;2319;380904;6049
2400;9;Merge;3161;27104;0
2400;9;Heap;1201;55225;32702
2400;9;Insertion;21712;1000138;997739
2400;9;Shell;419;20865;7008
2400;9;Quick;2021;310124;5224
2400;10;Merge;3171;27104;0
2400;10;Heap;1229;55096;32592
2400;10;Insertion;22448;1024245;1021846
2400;10;Shell;424;20978;7121
2400;10;Quick;1766;290476;5356
